Inserting 1-100 in Order:
Number	Depth
1       99
2       50
3       26
4       13
5       9
6       4
7       4
8       2
9       4
10      2
11      3
12      1
13      7
14      3
15      3
16      1
17      3
18      1
19      2
20      1
21      5
22      2
23      3
24      1
25      3
26      1
27      2
28      1
29      5
30      2
31      3
32      1
33      3
34      1
35      2
36      1
37      4
38      2
39      3
40      1
41      3
42      1
43      2
44      1
45      6
46      3
47      3
48      1
49      3
50      1
51      2
52      1
53      5
54      2
55      3
56      1
57      3
58      1
59      2
60      1
61      5
62      2
63      3
64      1
65      3
66      1
67      2
68      1
69      4
70      2
71      3
72      1
73      3
74      1
75      2
76      1
77      5
78      2
79      3
80      1
81      3
82      1
83      2
84      1
85      4
86      2
87      3
88      1
89      3
90      1
91      2
92      1
93      4
94      2
95      3
96      1
97      3
98      1
99      2
100     1
